6
3
  0.000000
 33.333333
 66.666667
100.000000
 0.680375
-0.211234
 0.566198
 0.596880
 0.000672 -0.049151  0.680375
 0.000830 -0.004346 -0.211234
-0.001502  0.050992  0.566198
1
7
  0.000000
 14.285714
 28.571429
 42.857143
 57.142857
 71.428571
 85.714286
100.000000
 0.823295
-0.604897
-0.329554
 0.536459
-0.444451
 0.107940
-0.045206
 0.257742
-0.012642  0.080631  0.823295
 0.020990 -0.280578 -0.604897
-0.018095  0.319126 -0.329554
 0.009045 -0.197884  0.536459
-0.001532  0.060557 -0.444451
-0.001925  0.016778  0.107940
 0.004160 -0.038218 -0.045206
1
15
  0.000000
  6.666667
 13.333333
 20.000000
 26.666667
 33.333333
 40.000000
 46.666667
 53.333333
 60.000000
 66.666667
 73.333333
 80.000000
 86.666667
 93.333333
100.000000
-0.270431
 0.026802
 0.904459
 0.832390
 0.271423
 0.434594
-0.716795
 0.213938
-0.967399
-0.514226
-0.725537
 0.608354
-0.686642
-0.198111
-0.740419
-0.782382
-0.164703  1.142602 -0.270431
 0.177762 -1.053432  0.026802
-0.199131  1.316729  0.904459
 0.188131 -1.338350  0.832390
-0.171838  1.170060  0.271423
 0.142260 -1.121109  0.434594
-0.095412  0.775692 -0.716795
 0.047891 -0.496472  0.213938
-0.011114  0.142071 -0.967399
-0.003837 -0.006120 -0.514226
 0.038604 -0.057273 -0.725537
-0.097753  0.457441  0.608354
 0.137883 -0.845939 -0.686642
-0.161077  0.992498 -0.198111
 0.172334 -1.155191 -0.740419
1
31
  0.000000
  3.225806
  6.451613
  9.677419
 12.903226
 16.129032
 19.354839
 22.580645
 25.806452
 29.032258
 32.258065
 35.483871
 38.709677
 41.935484
 45.161290
 48.387097
 51.612903
 54.838710
 58.064516
 61.290323
 64.516129
 67.741935
 70.967742
 74.193548
 77.419355
 80.645161
 83.870968
 87.096774
 90.322581
 93.548387
 96.774194
100.000000
 0.997849
-0.563486
 0.025865
 0.678224
 0.225280
-0.407937
 0.275105
 0.048574
-0.012834
 0.945550
-0.414966
 0.542715
 0.053490
 0.539828
-0.199543
 0.783059
-0.433371
-0.295083
 0.615449
 0.838053
-0.860489
 0.898654
 0.051991
-0.827888
-0.615572
 0.326454
 0.780465
-0.302214
-0.871657
-0.959954
-0.084597
-0.873808
-0.683227  1.719946  0.997849
 0.889908 -2.687974 -0.563486
-0.883853  3.053371  0.025865
 0.777634 -2.648908  0.678224
-0.794958  2.368082  0.225280
 0.921450 -2.760677 -0.407937
-1.008860  3.184162  0.275105
 1.024728 -3.324611  0.048574
-0.926726  3.286538 -0.012834
 0.703880 -2.692340  0.945550
-0.481101  1.848819 -0.414966
 0.342053 -1.255057  0.542715
-0.248301  0.951737  0.053490
 0.130511 -0.650207  0.539828
 0.034971  0.191798 -0.199543
-0.246298  0.417415  0.783059
 0.376486 -1.171601 -0.433371
-0.302273  1.257340 -0.295083
 0.236163 -0.692809  0.615449
-0.420785  0.830824  0.838053
 0.753069 -1.883920 -0.860489
-1.003487  2.974589  0.898654
 1.000295 -3.499521  0.051991
-0.895335  2.953996 -0.827888
 0.965460 -2.822360 -0.615572
-1.012358  3.406416  0.326454
 0.864682 -3.124929  0.780465
-0.815360  2.453668 -0.302214
 0.861599 -2.806722 -0.871657
-0.768992  2.751979 -0.959954
 0.609026 -2.209257 -0.084597
1
63
  0.000000
  1.587302
  3.174603
  4.761905
  6.349206
  7.936508
  9.523810
 11.111111
 12.698413
 14.285714
 15.873016
 17.460317
 19.047619
 20.634921
 22.222222
 23.809524
 25.396825
 26.984127
 28.571429
 30.158730
 31.746032
 33.333333
 34.920635
 36.507937
 38.095238
 39.682540
 41.269841
 42.857143
 44.444444
 46.031746
 47.619048
 49.206349
 50.793651
 52.380952
 53.968254
 55.555556
 57.142857
 58.730159
 60.317460
 61.904762
 63.492063
 65.079365
 66.666667
 68.253968
 69.841270
 71.428571
 73.015873
 74.603175
 76.190476
 77.777778
 79.365079
 80.952381
 82.539683
 84.126984
 85.714286
 87.301587
 88.888889
 90.476190
 92.063492
 93.650794
 95.238095
 96.825397
 98.412698
100.000000
-0.523440
 0.941268
 0.804416
 0.701840
-0.466669
 0.079521
-0.249586
 0.520497
 0.025071
 0.335448
 0.063213
-0.921439
-0.124725
 0.863670
 0.861620
 0.441905
-0.431413
 0.477069
 0.279958
-0.291903
 0.375723
-0.668052
-0.119791
 0.760150
 0.658402
-0.339326
-0.542064
 0.786745
-0.299280
 0.373340
 0.912937
 0.177280
 0.314608
 0.717353
-0.120880
 0.847940
-0.203127
 0.629534
 0.368437
 0.821944
-0.035019
-0.568350
 0.900505
 0.840257
-0.704680
 0.762124
 0.282161
-0.136093
 0.239193
-0.437881
 0.572004
-0.385084
-0.105933
-0.547787
-0.624934
-0.447531
 0.112888
-0.166997
-0.660786
 0.813608
-0.793658
-0.747849
-0.009112
 0.520950
-3.765438  6.899652 -0.523440
 3.129779 -5.054119  0.941268
-3.116175  4.881686  0.804416
 2.693106 -5.010932  0.701840
-2.012543  3.538612 -0.466669
 1.665138 -2.850414  0.079521
-1.228870  2.435739 -0.249586
 0.726589 -1.465434  0.520497
-0.406765  0.841196  0.025071
 0.175527 -0.450122  0.335448
-0.458285  0.107106  0.063213
 1.165310 -1.347768 -0.921439
-1.089232  2.351628 -0.124725
 0.696124 -1.106250  0.863670
-0.861895  1.103667  0.861620
 0.681860 -1.632507  0.441905
 0.025337  0.532127 -0.431413
-0.464146  0.612560  0.477069
 0.315408 -0.860920  0.279958
 0.176544  0.140376 -0.291903
-0.855798  0.700832  0.375723
 1.487677 -2.015988 -0.668052
-1.356033  2.706796 -0.119791
 0.966400 -1.598070  0.760150
-1.322015  1.469867  0.658402
 1.637546 -2.727004 -0.339326
-1.029675  2.471555 -0.542064
 0.071228 -0.797256  0.786745
 0.626778 -0.571135 -0.299280
-0.679574  1.418635  0.373340
 0.173427 -0.738744  0.912937
 0.173061 -0.188183  0.177280
-0.067717  0.361216  0.314608
-0.424827  0.146242  0.717353
 1.142046 -1.202415 -0.120880
-1.943739  2.423128  0.847940
 2.691390 -3.747472 -0.203127
-3.125502  4.796624  0.629534
 3.409128 -5.125606  0.368437
-3.929254  5.697024  0.821944
 4.057703 -6.776798 -0.035019
-3.263036  6.104800 -0.568350
 2.656134 -4.254043  0.900505
-3.245407  4.178130  0.840257
 4.440767 -6.124750 -0.704680
-5.213439  7.972924  0.762124
 5.237931 -8.577677  0.282161
-4.922975  8.050677 -0.136093
 4.505293 -7.577816  0.239193
-3.835739  6.724703 -0.437881
 3.055047 -5.452247  0.572004
-2.564384  4.246316 -0.385084
 2.278217 -3.894585 -0.105933
-2.133464  3.337849 -0.547787
 2.234495 -3.435054 -0.624934
-2.082477  3.658582 -0.447531
 1.748960 -2.952455  0.112888
-1.833859  2.599800 -0.166997
 2.615030 -3.221974 -0.660786
-3.838141  5.079710  0.813608
 4.494246 -7.104864 -0.793658
-4.219222  7.162583 -0.747849
 4.136399 -6.231773 -0.009112
1
127
  0.000000
  0.787402
  1.574803
  2.362205
  3.149606
  3.937008
  4.724409
  5.511811
  6.299213
  7.086614
  7.874016
  8.661417
  9.448819
 10.236220
 11.023622
 11.811024
 12.598425
 13.385827
 14.173228
 14.960630
 15.748031
 16.535433
 17.322835
 18.110236
 18.897638
 19.685039
 20.472441
 21.259843
 22.047244
 22.834646
 23.622047
 24.409449
 25.196850
 25.984252
 26.771654
 27.559055
 28.346457
 29.133858
 29.921260
 30.708661
 31.496063
 32.283465
 33.070866
 33.858268
 34.645669
 35.433071
 36.220472
 37.007874
 37.795276
 38.582677
 39.370079
 40.157480
 40.944882
 41.732283
 42.519685
 43.307087
 44.094488
 44.881890
 45.669291
 46.456693
 47.244094
 48.031496
 48.818898
 49.606299
 50.393701
 51.181102
 51.968504
 52.755906
 53.543307
 54.330709
 55.118110
 55.905512
 56.692913
 57.480315
 58.267717
 59.055118
 59.842520
 60.629921
 61.417323
 62.204724
 62.992126
 63.779528
 64.566929
 65.354331
 66.141732
 66.929134
 67.716535
 68.503937
 69.291339
 70.078740
 70.866142
 71.653543
 72.440945
 73.228346
 74.015748
 74.803150
 75.590551
 76.377953
 77.165354
 77.952756
 78.740157
 79.527559
 80.314961
 81.102362
 81.889764
 82.677165
 83.464567
 84.251969
 85.039370
 85.826772
 86.614173
 87.401575
 88.188976
 88.976378
 89.763780
 90.551181
 91.338583
 92.125984
 92.913386
 93.700787
 94.488189
 95.275591
 96.062992
 96.850394
 97.637795
 98.425197
 99.212598
100.000000
 0.969503
 0.870008
 0.368890
-0.233623
 0.499542
-0.262673
-0.411679
-0.535477
 0.168977
-0.511175
-0.695220
 0.464297
-0.749050
 0.586941
-0.671796
 0.490143
-0.850940
 0.900208
-0.894941
 0.043127
-0.647579
-0.519875
 0.595596
 0.465309
 0.313127
 0.934810
 0.278917
 0.519470
-0.813039
-0.730195
 0.040420
-0.843536
-0.860187
-0.590690
-0.077159
 0.639355
 0.146637
 0.511162
-0.896122
-0.684386
 0.999987
-0.591343
 0.779911
-0.749063
 0.995598
-0.891885
 0.741080
-0.855342
-0.991677
 0.846138
 0.187784
-0.639255
-0.673737
-0.216620
 0.826053
 0.639390
-0.281809
 0.104970
 0.158860
-0.094848
 0.374775
-0.800720
 0.061616
 0.514588
-0.391410
 0.984457
 0.153942
 0.755228
 0.495619
 0.257820
-0.929158
 0.495606
 0.666477
 0.850753
 0.746543
 0.662075
 0.958868
 0.487622
 0.806733
 0.967191
 0.333761
-0.005483
-0.672064
 0.660024
 0.777898
-0.846011
 0.299414
-0.503912
 0.258959
-0.541726
 0.401240
-0.366266
-0.342446
-0.537144
-0.851678
 0.266144
-0.552687
 0.302264
 0.021372
 0.942931
-0.439916
 0.092214
 0.438537
-0.773439
-0.057033
 0.185080
 0.888636
-0.098165
-0.327298
 0.695369
-0.130973
-0.993537
-0.310114
 0.196963
 0.666487
-0.532217
 0.350952
-0.034099
-0.036128
-0.390089
 0.424175
-0.634888
 0.243646
-0.918271
-0.172033
 0.391968
 0.347873
 0.275280
  5.131339  -4.166784   0.969503
 -5.779117   3.914066   0.870008
  5.615576  -5.186905   0.368890
 -3.461260   3.656521  -0.233623
  1.049362  -1.794282   0.499542
 -0.060318  -0.141743  -0.262673
  0.100977  -0.236733  -0.411679
  1.234910  -0.077713  -0.535477
 -3.468140   1.867026   0.168977
  4.268308  -3.594611  -0.511175
 -2.101275   3.127135  -0.695220
 -1.725918  -0.181960   0.464297
  5.837746  -2.899942  -0.749050
-10.022782   6.293359   0.586941
 13.927090  -9.490551  -0.671796
-17.964215  12.441875   0.490143
 22.951675 -15.848227  -0.850940
-28.671499  20.296144   0.900208
 33.079906 -24.855824  -0.894941
-35.706955  27.238517   0.043127
 37.026967 -28.992909  -0.647579
-35.433796  29.317275  -0.519875
 33.424512 -26.483978   0.595596
-33.459825  26.153048   0.465309
 34.707991 -26.539590   0.313127
-36.768594  28.118664   0.934810
 38.214473 -29.784634   0.278917
-40.751664  30.395639   0.519470
 43.034487 -33.780211  -0.813039
-41.925180  33.990634  -0.730195
 39.256522 -32.033271   0.040420
-37.857647  29.788023  -0.843536
 38.319176 -29.830318  -0.860187
-37.925575  30.514842  -0.590690
 38.252966 -29.210473  -0.077159
-40.203335  31.030418   0.639355
 41.585980 -32.281920   0.146637
-44.443730  33.207812   0.511162
 47.055048 -36.782313  -0.896122
-44.679833  37.320124  -0.684386
 39.396452 -33.041817   0.999987
-34.618100  28.999839  -0.591343
 29.940322 -25.516854   0.779911
-24.660275  21.633259  -0.749063
 18.801990 -17.201820   0.995598
-13.123861  12.407614  -0.891885
  7.915183  -8.259884   0.741080
 -5.560207   4.204971  -0.855342
  8.744313  -4.551261  -0.991677
-12.770384   9.219311   0.846138
 12.498310 -10.891530   0.187784
-11.219993   8.790849  -0.639255
 12.012893  -8.878432  -0.673737
-11.068451  10.039510  -0.216620
  9.085655  -7.391121   0.826053
-10.270389   6.916997   0.639390
 12.380028  -9.256844  -0.281809
-12.916945  10.239263   0.104970
 12.420820 -10.102383   0.158860
-11.254159   9.457964  -0.094848
  8.600748  -8.265121   0.374775
 -5.313931   5.279364  -0.800720
  4.653667  -3.089031   0.061616
 -6.845549   4.239579   0.514588
 10.525967  -6.540812  -0.391410
-14.084640  10.035514   0.984457
 16.393990 -12.145021   0.153942
-17.782526  13.672286   0.755228
 17.817704 -14.331693   0.495619
-19.348635  13.727684   0.257820
 23.561114 -16.742608  -0.929158
-25.583517  20.361508   0.495606
 25.605138 -19.927495   0.666477
-26.070437  20.395556   0.850753
 26.102281 -20.660251   0.746543
-25.487345  20.445703   0.662075
 24.248575 -19.691848   0.958868
-22.973810  18.494884   0.487622
 22.717921 -17.684344   0.806733
-23.998385  18.091909   0.967191
 24.472880 -19.700823   0.333761
-25.000842  18.839145  -0.005483
 28.224495 -20.532260  -0.672064
-30.182900  23.915763   0.660024
 27.373580 -23.616363   0.777898
-22.906923  19.491637  -0.846011
 19.763784 -16.582258   0.299414
-17.237665  14.541811  -0.503912
 14.715804 -12.604118   0.258959
-11.903469  10.570377  -0.541726
  9.144649  -8.175244   0.401240
 -7.868321   6.225779  -0.366266
  7.515873  -6.165277  -0.342446
 -7.709156   5.670743  -0.537144
 10.019404  -6.469660  -0.851678
-13.143033   9.308929   0.266144
 15.842677 -11.388761  -0.552687
-17.674679  13.560337   0.302264
 19.614114 -14.273804   0.021372
-23.330892  16.614565   0.942931
 26.419558 -20.126997  -0.439916
-26.719245  21.478607   0.092214
 24.205864 -20.598945   0.438537
-21.095577  17.520526  -0.773439
 20.330590 -15.700855  -0.057033
-19.586328  16.315822   0.185080
 16.859951 -14.528789   0.888636
-15.637908  12.022314  -0.098165
 17.656935 -12.604312  -0.327298
-20.639202  15.201885   0.695369
 20.580780 -17.300795  -0.130973
-18.087258  15.109883  -0.993537
 17.802829 -13.373988  -0.310114
-17.863398  14.661963   0.196963
 15.172714 -13.469372   0.666487
-11.814864  10.424666  -0.532217
  9.769352  -8.181418   0.350952
 -9.151575   7.203388  -0.034099
  8.583944  -7.208541  -0.036128
 -6.699717   6.309482  -0.390089
  3.678229  -4.241253   0.424175
 -0.553079   1.551234  -0.634888
 -2.737965   0.680243   0.243646
  5.815629  -3.631512  -0.918271
 -6.109562   5.526959  -0.172033
  5.128766  -4.094399   0.391968
 -5.174731   3.982398   0.347873
1
